34.285714285714285
34.285714285714285
34.285714285714285
34.285714285714285
34.285714285714285
33.33333333333333
34.285714285714285
35.23809523809524
36.19047619047619
39.04761904761905
40.95238095238095
41.904761904761905
45.714285714285715
47.61904761904761
48.57142857142857
49.523809523809526
51.42857142857142
51.42857142857142
51.42857142857142
51.42857142857142
52.38095238095239
52.38095238095239
52.38095238095239
52.38095238095239
52.38095238095239
54.285714285714285
54.285714285714285
55.23809523809524
56.19047619047619
57.14285714285714
58.0952380952381
58.0952380952381
59.04761904761905
59.04761904761905
59.04761904761905
59.04761904761905
60.0
60.0
60.0
61.904761904761905
61.904761904761905
61.904761904761905
62.857142857142854
62.857142857142854
63.8095238095238
63.8095238095238
63.8095238095238
63.8095238095238
63.8095238095238
62.857142857142854
62.857142857142854
62.857142857142854
62.857142857142854
62.857142857142854
62.857142857142854
62.857142857142854
62.857142857142854
62.857142857142854
62.857142857142854
62.857142857142854
62.857142857142854
62.857142857142854
62.857142857142854
62.857142857142854
62.857142857142854
62.857142857142854
63.8095238095238
63.8095238095238
63.8095238095238
63.8095238095238
63.8095238095238
63.8095238095238
63.8095238095238
63.8095238095238
63.8095238095238
63.8095238095238
63.8095238095238
62.857142857142854
62.857142857142854
62.857142857142854
62.857142857142854
62.857142857142854
62.857142857142854
62.857142857142854
62.857142857142854
62.857142857142854
62.857142857142854
62.857142857142854
62.857142857142854
63.8095238095238
63.8095238095238
63.8095238095238
64.76190476190476
64.76190476190476
64.76190476190476
64.76190476190476
64.76190476190476
64.76190476190476
65.71428571428571
65.71428571428571
65.71428571428571
65.71428571428571
66.66666666666666
69.52380952380952
69.52380952380952
71.42857142857143
73.33333333333333
76.19047619047619
76.19047619047619
77.14285714285715
80.0
81.9047619047619
82.85714285714286
82.85714285714286
83.80952380952381
83.80952380952381
86.66666666666667
86.66666666666667
88.57142857142857
88.57142857142857
87.61904761904762
86.66666666666667
84.76190476190476
87.61904761904762
87.61904761904762
88.57142857142857
88.57142857142857
88.57142857142857
88.57142857142857
87.61904761904762
88.57142857142857
88.57142857142857
87.61904761904762
87.61904761904762
87.61904761904762
87.61904761904762
87.61904761904762
87.61904761904762
87.61904761904762
87.61904761904762
87.61904761904762
87.61904761904762
87.61904761904762
87.61904761904762
87.61904761904762
87.61904761904762
87.61904761904762
87.61904761904762
87.61904761904762
87.61904761904762
87.61904761904762
87.61904761904762
87.61904761904762
87.61904761904762
87.61904761904762
87.61904761904762
87.61904761904762
87.61904761904762
87.61904761904762
87.61904761904762
88.57142857142857
88.57142857142857
89.52380952380953
89.52380952380953
91.42857142857143
91.42857142857143
91.42857142857143
91.42857142857143
91.42857142857143
91.42857142857143
91.42857142857143
91.42857142857143
91.42857142857143
91.42857142857143
91.42857142857143
91.42857142857143
91.42857142857143
91.42857142857143
91.42857142857143
91.42857142857143
91.42857142857143
90.47619047619048
90.47619047619048
90.47619047619048
90.47619047619048
90.47619047619048
91.42857142857143
91.42857142857143
91.42857142857143
91.42857142857143
91.42857142857143
91.42857142857143
92.38095238095238
92.38095238095238
92.38095238095238
92.38095238095238
92.38095238095238
93.33333333333333
93.33333333333333
93.33333333333333
93.33333333333333
93.33333333333333
94.28571428571428
94.28571428571428
94.28571428571428
94.28571428571428
94.28571428571428
94.28571428571428
94.28571428571428
94.28571428571428
94.28571428571428
94.28571428571428
94.28571428571428
94.28571428571428
94.28571428571428
94.28571428571428
94.28571428571428
94.28571428571428
94.28571428571428
94.28571428571428
94.28571428571428
94.28571428571428
94.28571428571428
94.28571428571428
94.28571428571428
94.28571428571428
94.28571428571428
94.28571428571428
94.28571428571428
94.28571428571428
94.28571428571428
94.28571428571428
94.28571428571428
94.28571428571428
94.28571428571428
94.28571428571428
94.28571428571428
94.28571428571428
94.28571428571428
94.28571428571428
94.28571428571428
94.28571428571428
94.28571428571428
94.28571428571428
94.28571428571428
94.28571428571428
94.28571428571428
94.28571428571428
94.28571428571428
94.28571428571428
94.28571428571428
94.28571428571428
94.28571428571428
94.28571428571428
94.28571428571428
94.28571428571428
94.28571428571428
94.28571428571428
94.28571428571428
94.28571428571428
94.28571428571428
94.28571428571428
94.28571428571428
94.28571428571428
94.28571428571428
94.28571428571428
94.28571428571428
94.28571428571428
93.33333333333333
93.33333333333333
93.33333333333333
93.33333333333333
93.33333333333333
93.33333333333333
93.33333333333333
93.33333333333333
93.33333333333333
93.33333333333333
93.33333333333333
93.33333333333333
93.33333333333333
93.33333333333333
93.33333333333333
93.33333333333333
93.33333333333333
93.33333333333333
93.33333333333333
93.33333333333333
93.33333333333333
93.33333333333333
93.33333333333333
93.33333333333333
93.33333333333333
93.33333333333333
93.33333333333333
93.33333333333333
93.33333333333333
93.33333333333333
93.33333333333333
93.33333333333333
93.33333333333333
93.33333333333333
93.33333333333333
93.33333333333333
93.33333333333333
93.33333333333333
93.33333333333333
93.33333333333333
94.28571428571428
94.28571428571428
94.28571428571428
94.28571428571428
94.28571428571428
94.28571428571428
94.28571428571428
94.28571428571428
95.23809523809523
95.23809523809523
95.23809523809523
95.23809523809523
95.23809523809523
95.23809523809523
95.23809523809523
95.23809523809523
95.23809523809523
95.23809523809523
95.23809523809523
95.23809523809523
95.23809523809523
95.23809523809523
95.23809523809523
95.23809523809523
95.23809523809523
95.23809523809523
95.23809523809523
95.23809523809523
95.23809523809523
95.23809523809523
95.23809523809523
95.23809523809523
95.23809523809523
95.23809523809523
95.23809523809523
95.23809523809523
95.23809523809523
95.23809523809523
95.23809523809523
95.23809523809523
95.23809523809523
95.23809523809523
95.23809523809523
95.23809523809523
95.23809523809523
95.23809523809523
95.23809523809523
95.23809523809523
95.23809523809523
95.23809523809523
95.23809523809523
95.23809523809523
96.19047619047619
96.19047619047619
96.19047619047619
96.19047619047619
96.19047619047619
96.19047619047619
96.19047619047619
96.19047619047619
96.19047619047619
96.19047619047619
96.19047619047619
96.19047619047619
96.19047619047619
96.19047619047619
96.19047619047619
96.19047619047619
96.19047619047619
96.19047619047619
96.19047619047619
96.19047619047619
96.19047619047619
96.19047619047619
96.19047619047619
96.19047619047619
96.19047619047619
96.19047619047619
97.14285714285714
97.14285714285714
97.14285714285714
97.14285714285714
97.14285714285714
97.14285714285714
97.14285714285714
97.14285714285714
97.14285714285714
97.14285714285714
97.14285714285714
97.14285714285714
97.14285714285714
97.14285714285714
97.14285714285714
97.14285714285714
97.14285714285714
97.14285714285714
97.14285714285714
97.14285714285714
97.14285714285714
97.14285714285714
97.14285714285714
97.14285714285714
97.14285714285714
97.14285714285714
97.14285714285714
97.14285714285714
97.14285714285714
97.14285714285714
97.14285714285714
97.14285714285714
97.14285714285714
97.14285714285714
97.14285714285714
97.14285714285714
97.14285714285714
97.14285714285714
97.14285714285714
97.14285714285714
97.14285714285714
97.14285714285714
97.14285714285714
97.14285714285714
97.14285714285714
97.14285714285714
97.14285714285714
97.14285714285714
97.14285714285714
97.14285714285714
97.14285714285714
97.14285714285714
97.14285714285714
97.14285714285714
97.14285714285714
97.14285714285714
97.14285714285714
97.14285714285714
97.14285714285714
97.14285714285714
97.14285714285714
97.14285714285714
97.14285714285714
97.14285714285714
97.14285714285714
97.14285714285714
97.14285714285714
97.14285714285714
97.14285714285714
97.14285714285714
97.14285714285714
97.14285714285714
97.14285714285714
97.14285714285714
97.14285714285714
97.14285714285714
97.14285714285714
97.14285714285714
97.14285714285714
97.14285714285714
97.14285714285714
97.14285714285714
97.14285714285714
97.14285714285714
97.14285714285714
97.14285714285714
97.14285714285714
97.14285714285714
97.14285714285714
97.14285714285714
97.14285714285714
97.14285714285714
97.14285714285714
97.14285714285714
97.14285714285714
97.14285714285714
97.14285714285714
97.14285714285714
97.14285714285714
97.14285714285714
97.14285714285714
97.14285714285714
97.14285714285714
97.14285714285714
97.14285714285714
97.14285714285714
97.14285714285714
97.14285714285714
97.14285714285714
96.19047619047619
96.19047619047619
96.19047619047619
96.19047619047619
96.19047619047619