34.014869888475836
34.014869888475836
34.014869888475836
34.20074349442379
36.059479553903344
40.520446096654275
44.60966542750929
47.21189591078067
49.628252788104085
52.23048327137546
55.20446096654275
57.99256505576208
59.29368029739776
60.223048327137555
61.152416356877325
61.52416356877324
62.26765799256505
62.45353159851301
62.639405204460964
64.12639405204462
63.94052044609665
64.12639405204462
63.94052044609665
64.31226765799256
64.68401486988847
64.12639405204462
64.68401486988847
64.68401486988847
64.86988847583643
64.86988847583643
65.05576208178438
64.86988847583643
65.05576208178438
65.05576208178438
65.05576208178438
64.86988847583643
65.05576208178438
65.05576208178438
65.24163568773234
65.4275092936803
65.4275092936803
65.24163568773234
65.24163568773234
65.24163568773234
65.24163568773234
65.05576208178438
65.05576208178438
65.05576208178438
65.05576208178438
65.05576208178438
65.05576208178438
65.05576208178438
65.24163568773234
65.24163568773234
65.24163568773234
65.24163568773234
65.24163568773234
65.24163568773234
65.24163568773234
65.4275092936803
65.4275092936803
65.4275092936803
65.4275092936803
65.4275092936803
65.4275092936803
65.4275092936803
65.4275092936803
65.61338289962825
65.61338289962825
65.61338289962825
65.79925650557621
65.79925650557621
65.61338289962825
65.79925650557621
65.79925650557621
65.79925650557621
65.79925650557621
65.79925650557621
66.17100371747212
66.17100371747212
66.17100371747212
66.17100371747212
66.17100371747212
66.17100371747212
66.17100371747212
66.17100371747212
66.17100371747212
66.17100371747212
66.17100371747212
66.17100371747212
66.17100371747212
65.98513011152416
65.98513011152416
65.98513011152416
65.98513011152416
65.98513011152416
65.98513011152416
65.79925650557621
65.79925650557621
65.79925650557621
65.79925650557621
65.79925650557621
65.61338289962825
65.61338289962825
65.61338289962825
65.61338289962825
65.61338289962825
65.79925650557621
65.79925650557621
65.79925650557621
65.79925650557621
65.79925650557621
65.79925650557621
65.79925650557621
65.79925650557621
65.79925650557621
65.79925650557621
65.79925650557621
65.79925650557621
65.79925650557621
65.79925650557621
65.79925650557621
65.79925650557621
65.79925650557621
65.79925650557621
65.79925650557621
65.79925650557621
65.79925650557621
65.79925650557621
65.79925650557621
65.79925650557621
65.79925650557621
65.79925650557621
65.79925650557621
65.79925650557621
65.79925650557621
65.79925650557621
65.79925650557621
65.79925650557621
65.79925650557621
65.79925650557621
65.79925650557621
65.79925650557621
65.79925650557621
65.79925650557621
65.79925650557621
65.79925650557621
65.79925650557621
65.79925650557621
65.79925650557621
65.79925650557621
65.79925650557621
65.79925650557621
65.79925650557621
65.79925650557621
65.79925650557621
65.79925650557621
65.61338289962825
65.61338289962825
65.61338289962825
65.61338289962825
65.61338289962825
65.61338289962825
65.61338289962825
65.61338289962825
65.61338289962825
65.61338289962825
65.61338289962825
65.61338289962825
65.61338289962825
65.4275092936803
65.4275092936803
65.4275092936803
65.4275092936803
65.4275092936803
65.4275092936803
65.4275092936803
65.61338289962825
65.61338289962825
65.61338289962825
65.61338289962825
65.61338289962825
65.61338289962825
65.61338289962825
65.61338289962825
65.79925650557621
65.79925650557621
65.79925650557621
65.79925650557621
65.79925650557621
65.79925650557621
65.79925650557621
65.79925650557621
65.79925650557621
65.79925650557621
65.79925650557621
65.79925650557621
65.79925650557621
65.79925650557621
65.79925650557621
65.79925650557621
65.79925650557621
65.79925650557621
65.79925650557621
65.79925650557621
65.79925650557621
65.79925650557621
65.79925650557621
65.79925650557621
65.79925650557621
65.61338289962825
65.61338289962825
65.61338289962825
65.61338289962825
65.61338289962825
65.61338289962825
65.61338289962825
65.61338289962825
65.61338289962825
65.61338289962825
65.61338289962825
65.61338289962825
65.61338289962825
65.61338289962825
65.61338289962825
65.61338289962825
65.61338289962825
65.61338289962825
65.61338289962825
65.61338289962825
65.61338289962825
65.61338289962825
65.61338289962825
65.61338289962825
65.61338289962825
65.61338289962825
65.61338289962825
65.61338289962825
65.79925650557621
65.79925650557621
65.79925650557621
65.79925650557621
65.79925650557621
65.79925650557621
65.79925650557621
65.79925650557621
65.79925650557621
65.79925650557621
65.79925650557621
65.98513011152416
65.98513011152416
65.98513011152416
65.98513011152416
65.98513011152416
65.98513011152416
65.98513011152416
65.79925650557621
65.79925650557621
65.79925650557621
65.79925650557621
65.79925650557621
65.79925650557621
65.79925650557621
65.79925650557621
65.79925650557621
65.79925650557621
65.79925650557621
65.79925650557621
65.79925650557621
65.79925650557621
65.79925650557621
65.79925650557621
65.79925650557621
65.79925650557621
65.79925650557621
65.79925650557621
65.79925650557621
65.79925650557621
65.79925650557621
65.79925650557621
65.79925650557621
65.79925650557621
65.79925650557621
65.79925650557621
65.79925650557621
65.79925650557621
65.79925650557621
65.79925650557621
65.79925650557621
65.79925650557621
65.79925650557621
65.79925650557621
65.79925650557621
65.79925650557621
65.79925650557621
65.79925650557621
65.79925650557621
65.79925650557621
65.79925650557621
65.79925650557621
65.79925650557621
65.79925650557621
65.79925650557621
65.79925650557621
65.79925650557621
65.79925650557621
65.79925650557621
65.79925650557621
65.79925650557621
65.79925650557621
65.79925650557621
65.79925650557621
65.79925650557621
65.79925650557621
65.79925650557621
65.79925650557621
65.79925650557621
65.79925650557621
65.79925650557621
65.79925650557621
65.79925650557621
65.79925650557621
65.79925650557621
65.79925650557621
65.79925650557621
65.79925650557621
65.79925650557621
65.79925650557621
65.79925650557621
65.79925650557621
65.79925650557621
65.79925650557621
65.79925650557621
65.79925650557621
65.79925650557621
65.79925650557621
65.79925650557621
65.79925650557621
65.79925650557621
65.79925650557621
65.79925650557621
65.79925650557621
65.79925650557621
65.79925650557621
65.79925650557621
65.79925650557621
65.79925650557621
65.79925650557621
65.98513011152416
65.98513011152416
65.98513011152416
65.98513011152416
65.98513011152416
65.98513011152416
65.98513011152416
65.98513011152416
65.98513011152416
65.98513011152416
65.98513011152416
65.98513011152416
65.98513011152416
65.98513011152416
65.98513011152416
65.98513011152416
65.98513011152416
65.98513011152416
65.98513011152416
65.98513011152416
65.98513011152416
65.98513011152416
65.98513011152416
65.98513011152416
65.98513011152416
65.98513011152416
65.98513011152416
65.98513011152416
65.98513011152416
65.98513011152416
65.98513011152416
65.98513011152416
65.98513011152416
65.98513011152416
65.98513011152416
65.98513011152416
65.98513011152416
65.98513011152416
65.98513011152416
65.98513011152416
65.98513011152416
65.98513011152416
65.98513011152416
65.98513011152416
65.98513011152416
65.98513011152416
65.98513011152416
65.98513011152416
65.98513011152416
65.98513011152416
65.98513011152416
65.98513011152416
65.98513011152416
65.98513011152416
65.98513011152416
65.98513011152416
65.98513011152416
65.98513011152416
65.98513011152416
65.98513011152416
65.98513011152416
65.98513011152416
65.98513011152416
65.98513011152416
66.17100371747212
66.17100371747212
66.17100371747212
66.17100371747212
66.17100371747212
66.17100371747212
66.17100371747212
66.17100371747212
66.17100371747212
66.17100371747212
66.17100371747212
66.17100371747212
66.17100371747212
66.17100371747212
66.17100371747212
66.17100371747212
66.17100371747212
66.17100371747212
66.17100371747212
66.17100371747212
66.17100371747212
66.17100371747212
66.17100371747212
66.17100371747212
66.17100371747212
66.17100371747212
66.17100371747212
66.17100371747212
66.17100371747212
66.17100371747212
65.98513011152416
65.98513011152416
65.98513011152416
65.98513011152416
65.98513011152416
65.98513011152416
65.98513011152416
65.98513011152416
65.98513011152416
65.98513011152416
65.98513011152416
65.98513011152416
65.98513011152416
65.98513011152416
65.98513011152416
65.98513011152416
65.98513011152416
65.98513011152416
65.98513011152416
65.98513011152416
65.98513011152416
65.98513011152416
65.98513011152416
65.98513011152416
65.98513011152416
65.98513011152416
65.98513011152416
65.98513011152416
65.98513011152416
65.98513011152416
65.98513011152416
65.98513011152416
65.98513011152416
65.98513011152416
65.98513011152416
65.98513011152416
65.98513011152416
65.98513011152416
65.98513011152416
65.98513011152416
65.98513011152416
65.98513011152416
65.98513011152416
65.98513011152416
65.98513011152416
65.79925650557621
65.79925650557621
65.79925650557621
65.79925650557621
65.79925650557621
65.79925650557621
65.79925650557621
65.79925650557621
65.79925650557621
65.79925650557621
65.79925650557621
65.79925650557621
65.79925650557621